1 54
2 27
3 120
4 110
5 119
6 64
7 20
8 35
9 48
10 14
11 8
12 69
13 28
14 11
15 69
16 84
17 86
18 58
19 14
20 6
21 49
22 40
23 10
24 45
25 19
26 1
27 26
28 21
29 56
30 25
31 3
32 91
33 81
34 95
35 26
36 106
37 56
38 36
39 73
40 50
41 8
42 28
43 26
44 74
45 29
46 82
47 98
48 13
49 74
50 26
51 68
52 13
53 78
54 24
55 24
56 27
57 1
58 22
59 116
60 4
61 63
62 88
63 35
64 103
65 38
66 56
67 97
68 17
69 16
70 34
71 31
72 10
73 10
74 75
75 27
76 19
77 18
78 47
79 14
80 34
81 111
82 18
83 32
84 77
85 60
86 62
87 119
88 7
89 4
90 72
91 44
92 86
93 2
94 45
95 23
96 24
97 1
98 100
99 57
100 72
101 4
102 53
103 101
104 1
105 59
106 108
107 26
108 15
109 74
110 60
111 39
112 7
113 76
114 44
115 84
116 8
117 104
118 23
119 62
120 80
121 55
122 3
123 46
124 32
125 50
126 91
127 50
128 33
129 20
130 53
131 97
132 82
133 75
134 1
135 9
136 54
137 88
138 36
139 3
140 93
141 107
142 57
143 12
144 90
145 30
146 64
147 32
148 29
149 80
150 98
151 117
152 37
153 10
154 34
155 63
156 112
157 65
158 31
159 91
160 102
161 7
162 67
163 11
164 90
165 45
166 51
167 77
168 76
169 41
170 47
171 42
172 34
173 96
174 97
175 103
176 60
177 40
178 47
179 52
180 97
181 3
182 52
183 117
184 115
185 40
186 14
187 89
188 36
189 78
190 114
191 109
192 31
193 46
194 66
195 19
196 20
197 93
198 92
199 43
200 41
201 51
202 8
203 22
204 53
205 26
206 5
207 102
208 5
209 98
210 70
211 52
212 106
213 43
214 66
215 25
216 46
217 79
218 25
219 77
220 23
221 96
222 32
223 105
224 13
225 90
226 84
227 52
228 41
229 38
230 65
231 49
232 7
233 93
234 20
235 101
236 38
237 80
238 38
239 6
240 54
241 2
242 61
243 85
244 12
245 68
246 29
247 67
248 69
249 39
250 41
251 57
252 11
253 76
254 87
255 78
256 88
257 45
258 43
259 72
260 44
261 58
262 61
263 83
264 100
265 106
266 94
267 67
268 42
269 96
270 65
271 19
272 80
273 30
274 113
275 37
276 70
277 90
278 67
279 55
280 2
281 53
282 12
283 57
284 59
285 6
286 115
287 15
288 29
289 102
290 101
291 71
292 87
293 19
294 37
295 66
296 99
297 7
298 44
299 5
300 18
301 82
302 16
303 48
304 16
305 78
306 4
307 8
308 73
309 9
310 71
311 61
312 83
313 47
314 106
315 59
316 41
317 24
318 117
319 34
320 42
321 63
322 6
323 48
324 15
325 16
326 85
327 49
328 8
329 31
330 21
331 74
332 95
333 36
334 64
335 101
336 62
337 9
338 104
339 43
340 104
341 17
342 6
343 28
344 89
345 13
346 27
347 105
348 22
349 35
350 60
351 112
352 12
353 54
354 15
355 21
356 17
357 111
358 103
359 79
360 33
361 46
362 112
363 110
364 59
365 21
366 2
367 9
368 50
369 22
370 118
371 73
372 58
373 86
374 5
375 33
376 86
377 55
378 25
379 20
380 94
381 17
382 39
383 40
384 75
385 73
386 4
387 11
388 35
389 11
390 42
391 121
392 89
393 83
394 23
395 61
396 41
397 3
398 13
399 19
400 37
401 29
402 94
403 32
404 64
405 99
406 17
407 30
408 55
409 51
410 76
411 85
412 100
413 79
414 70
415 17
416 63
417 113
418 52
419 108
420 18
421 21
422 47
423 9
424 109
425 25
426 13
427 5
428 18
429 49
430 20
431 6
432 12
433 38
434 79
435 28
436 97
437 9
438 14
439 33
440 71
441 48
442 88
443 39
444 13
445 76
446 81
447 68
448 77
449 3
450 92
