450 5714
47 61 42 72 32 71 8 33 105 44 113 25 106 85 26 91 92 106 111 56 16 55 53 37 84 72 105 68 2 39 9 4 78 110 22 38 16 1 95 30 47 2 47 36 95 56 85 90 86 58 99 31 99 112 56 27 83 107 70 43 101 30 90 49 33 32 108 36 85 73 88 101 5 101 3 28 13 49 82 65 63 70 50 25 30 104 5 13 34 24 81 58 52 90 72 14 61 39 40 37 31 83 17 70 87 79 102 22 109 9 64 89 77 55 102 10 35 1 58 88 10 91 40 38 98 103 98 67 73 75 65 102 11 101 95 54 20 111 7 22 104 2 74 20 11 28 93 92 34 71 45 41 55 27 24 86 40 41 31 23 40 113 16 47 25 46 3 74 83 7 57 16 62 13 67 62 56 7 29 4 57 23 19 57 41 42 26 14 69 24 21 51 100 48 59 76 6 77 84 65 89 45 104 38 91 112 88 53 106 51 43 45 109 59 78 107 93 111 12 93 94 71 64 84 103 91 74 82 107 76 12 1 28 98 102 51 9 25 77 75 37 15 19 31 42 114 27 8 35 77 45 96 86 97 11 105 59 104 87 57 87 62 46 53 18 44 5 20 58 94 74 48 61 12 50 96 49 96 89 96 93 3 46 72 54 5 17 84 112 69 108 18 3 43 33 41 38 1 92 94 19 75 94 10 17 79 50 28 86 55 113 15 60 63 83 64 43 42 88 4 14 44 60 92 87 27 100 108 34 103 6 17 81 80 109 23 106 95 36 54 107 6 78 21 15 89 98 29 24 18 9 44 79 73 26 2 85 69 46 80 39 68 36 60 110 68 82 22 14 62 32 8 20 52 37 110 35 100 49 105 70 48 51 90 13 26 65 81 71 23 63 69 67 78 29 100 52 21 97 66 30 15 35 75 8 82 18 29 67 80 76 81 33 50 73 66 7 12 4 48 39 19 59 10 53 97 76 66 99 32 21 60 108 114 68 114 80 79 34 103 61 64 99 63 11 54 97 52 66 6
1 7
1 13
1 54
1 63
1 85
1 97
1 98
1 105
1 179
1 187
1 188
1 220
1 269
1 277
1 288
1 324
1 330
1 367
1 368
1 384
1 389
1 390
1 440
1 445
2 19
2 38
2 71
2 99
2 128
2 160
2 175
2 181
2 195
2 199
2 209
2 218
2 230
2 296
2 308
2 325
2 389
2 394
2 398
2 406
3 10
3 32
3 35
3 37
3 69
3 76
3 96
3 100
3 120
3 125
3 142
3 147
3 156
3 166
3 200
3 210
3 249
3 257
3 262
3 295
3 296
3 310
3 331
3 336
3 339
3 367
3 372
3 381
3 429
4 10
4 26
4 42
4 47
4 96
4 100
4 107
4 108
4 113
4 126
4 157
4 162
4 177
4 190
4 201
4 212
4 223
4 280
4 301
4 332
4 333
4 346
4 370
4 387
4 391
4 416
4 437
4 442
4 448
5 32
5 37
5 41
5 74
5 107
5 117
5 131
5 153
5 158
5 184
5 189
5 198
5 203
5 207
5 221
5 273
5 278
5 291
5 297
5 299
5 311
5 362
5 388
5 392
5 393
5 401
5 409
5 414
5 448
6 18
6 33
6 35
6 38
6 40
6 49
6 72
6 113
6 150
6 162
6 174
6 203
6 214
6 219
6 235
6 252
6 259
6 260
6 265
6 283
6 293
6 303
6 304
6 342
6 375
6 383
6 384
6 394
6 432
7 13
7 19
7 55
7 103
7 111
7 116
7 160
7 185
7 226
7 283
7 299
7 336
7 341
7 373
7 380
7 384
7 389
7 440
7 445
7 450
8 25
8 35
8 44
8 46
8 56
8 77
8 110
8 125
8 130
8 134
8 161
8 166
8 187
8 192
8 224
8 270
8 305
8 314
8 326
8 385
8 391
8 400
8 404
8 412
8 417
8 441
9 38
9 41
9 43
9 75
9 77
9 102
9 126
9 153
9 156
9 165
9 255
9 263
9 268
9 345
9 378
9 391
9 396
9 435
9 447
10 16
10 103
10 106
10 107
10 114
10 119
10 132
10 196
10 201
10 207
10 212
10 228
10 229
10 232
10 278
10 286
10 302
10 317
10 333
10 339
10 344
10 401
10 443
11 28
11 47
11 80
11 85
11 109
11 128
11 137
11 169
11 173
11 195
11 227
11 283
11 303
11 305
11 384
11 393
11 403
11 407
11 415
11 420
12 13
12 29
12 34
12 41
12 46
12 54
12 78
12 103
12 110
12 115
12 119
12 134
12 155
12 156
12 160
12 168
12 190
12 209
12 215
12 224
12 258
12 271
12 283
12 304
12 334
12 348
12 355
12 360
12 381
12 385
12 386
12 438
12 440
13 19
13 46
13 109
13 111
13 116
13 117
13 122
13 199
13 216
13 224
13 225
13 286
13 289
13 300
13 314
13 336
13 342
13 347
13 385
13 404
13 445
14 36
14 50
14 75
14 83
14 88
14 96
14 165
14 172
14 182
14 216
14 221
14 226
14 230
14 255
14 272
14 296
14 308
14 313
14 327
14 345
14 397
14 406
14 410
14 423
14 436
15 16
15 49
15 53
15 58
15 72
15 106
15 128
15 142
15 159
15 164
15 171
15 192
15 196
15 212
15 227
15 273
15 274
15 278
15 286
15 302
15 333
15 338
15 343
15 351
15 358
15 384
15 388
15 393
15 402
15 441
16 43
16 47
16 59
16 109
16 114
16 123
16 125
16 128
16 137
16 138
16 169
16 202
16 227
16 229
16 233
16 235
16 240
16 292
16 314
16 317
16 350
16 395
16 404
16 407
17 49
17 78
17 91
17 105
17 144
17 168
17 201
17 258
17 275
17 311
17 316
17 323
17 340
17 348
17 375
17 413
17 414
17 426
17 438
18 19
18 51
18 52
18 80
18 109
18 162
18 167
18 174
18 199
18 215
18 235
18 281
18 289
18 310
18 354
18 379
18 386
19 50
19 111
19 112
19 128
19 131
19 140
19 167
19 172
19 177
19 181
19 206
19 216
19 230
19 231
19 238
19 252
19 320
19 353
19 386
19 396
19 410
19 412
20 42
20 43
20 47
20 57
20 58
20 63
20 81
20 94
20 118
20 127
20 168
20 173
20 177
20 204
20 217
20 233
20 261
20 314
20 319
20 351
20 361
20 429
20 441
21 22
21 55
21 58
21 63
21 105
21 112
21 138
21 170
21 174
21 179
21 202
21 218
21 224
21 274
21 289
21 292
21 318
21 363
21 390
21 394
21 395
22 35
22 44
22 53
22 59
22 60
22 90
22 131
22 139
22 143
22 179
22 219
22 224
22 229
22 233
22 234
22 246
22 265
22 323
22 324
22 334
22 356
22 390
22 413
22 424
23 60
23 84
23 92
23 97
23 155
23 174
23 207
23 212
23 245
23 264
23 317
23 322
23 336
23 340
23 354
23 405
23 432
23 444
23 446
24 58
24 63
24 115
24 122
24 136
24 172
24 173
24 205
24 206
24 222
24 227
24 231
24 283
24 292
24 295
24 331
24 336
24 337
24 385
24 393
24 398
24 411
24 421
25 33
25 56
25 62
25 67
25 134
25 146
25 147
25 197
25 201
25 223
25 236
25 249
25 317
25 326
25 343
25 359
25 364
25 407
25 416
25 417
26 33
26 53
26 58
26 87
26 100
26 124
26 133
26 148
26 149
26 174
26 175
26 177
26 184
26 210
26 225
26 228
26 235
26 249
26 253
26 267
26 284
26 294
26 309
26 318
26 323
26 324
26 325
26 338
26 339
26 357
26 373
26 394
26 398
26 399
26 413
26 435
26 440
26 447
27 28
27 55
27 59
27 61
27 66
27 115
27 139
27 144
27 176
27 180
27 208
27 254
27 285
27 286
27 291
27 298
27 360
27 388
27 401
27 414
27 430
28 55
28 59
28 137
28 239
28 252
28 286
28 291
28 325
28 362
28 419
28 435
29 90
29 91
29 103
29 156
29 172
29 180
29 196
29 206
29 211
29 213
29 218
29 237
29 256
29 270
29 287
29 328
29 342
29 346
29 352
29 360
29 402
29 438
29 443
29 450
30 31
30 64
30 69
30 172
30 231
30 257
30 289
30 293
30 294
30 301
30 332
30 342
30 353
30 391
30 398
30 404
30 408
31 145
31 152
31 195
31 242
31 255
31 258
31 260
31 274
31 332
31 333
31 343
31 349
31 365
31 370
31 422
32 50
32 59
32 65
32 69
32 74
32 93
32 106
32 111
32 115
32 125
32 134
32 154
32 170
32 180
32 183
32 210
32 215
32 216
32 221
32 230
32 240
32 244
32 259
32 273
32 275
32 331
32 334
32 344
32 349
32 363
32 405
32 410
32 434
32 446
33 34
33 50
33 67
33 70
33 71
33 72
33 116
33 124
33 155
33 171
33 181
33 182
33 187
33 210
33 214
33 231
33 236
33 240
33 241
33 245
33 286
33 292
33 297
33 304
33 340
33 394
33 406
33 407
33 411
33 412
33 430
33 440
34 65
34 76
34 81
34 143
34 148
34 151
34 155
34 166
34 171
34 242
34 245
34 258
34 263
34 286
34 297
34 331
34 335
34 347
34 373
34 377
34 412
34 425
34 426
34 431
35 96
35 109
35 114
35 178
35 224
35 233
35 252
35 262
35 276
35 301
35 327
35 339
35 343
35 347
35 357
35 373
35 391
35 427
35 432
35 436
35 449
36 37
36 62
36 69
36 73
36 75
36 78
36 124
36 127
36 129
36 144
36 173
36 180
36 185
36 190
36 210
36 217
36 219
36 242
36 244
36 263
36 294
36 300
36 303
36 307
36 330
36 344
36 353
36 397
36 410
36 415
36 418
36 438
37 41
37 55
37 65
37 68
37 70
37 74
37 93
37 125
37 151
37 158
37 164
37 174
37 175
37 245
37 248
37 254
37 261
37 266
37 273
37 285
37 338
37 339
37 350
37 359
37 363
37 374
37 376
37 428
37 449
38 85
38 99
38 112
38 175
38 189
38 214
38 227
38 265
38 279
38 337
38 342
38 394
38 430
39 40
39 65
39 72
39 78
39 81
39 122
39 130
39 162
39 176
39 187
39 188
39 193
39 220
39 232
39 245
39 246
39 251
39 261
39 292
39 303
39 306
39 310
39 327
39 335
39 341
39 346
39 402
39 413
39 418
39 425
39 431
39 436
40 44
40 47
40 61
40 63
40 71
40 87
40 103
40 107
40 133
40 154
40 161
40 162
40 186
40 207
40 228
40 233
40 238
40 251
40 264
40 269
40 276
40 286
40 288
40 293
40 341
40 347
40 357
40 366
40 379
40 387
40 403
40 413
40 431
41 55
41 99
41 115
41 120
41 127
41 134
41 160
41 174
41 192
41 217
41 230
41 234
41 235
41 258
41 263
41 268
41 282
41 294
41 304
41 345
41 348
41 363
41 372
41 397
42 43
42 81
42 84
42 130
42 133
42 154
42 158
42 191
42 196
42 223
42 245
42 259
42 274
42 295
42 306
42 313
42 315
42 338
42 344
42 370
42 403
42 416
42 421
42 428
42 434
42 439
43 47
43 71
43 81
43 99
43 157
43 165
43 185
43 189
43 246
43 260
43 272
43 279
43 345
43 369
43 382
43 434
43 440
43 445
44 67
44 77
44 123
44 126
44 130
44 166
44 181
44 186
44 220
44 233
44 238
44 301
44 310
44 322
44 348
44 351
44 357
44 391
44 400
44 407
44 441
44 446
45 71
45 84
45 161
45 172
45 183
45 188
45 251
45 257
45 258
45 309
45 314
45 326
45 347
45 348
45 352
45 358
45 417
45 424
45 431
45 442
46 50
46 102
46 103
46 124
46 134
46 160
46 165
46 188
46 192
46 209
46 268
46 275
46 279
46 283
46 354
46 355
46 358
46 363
46 368
46 372
46 385
47 64
47 80
47 84
47 126
47 133
47 223
47 236
47 240
47 241
47 269
47 274
47 295
47 313
47 351
47 360
47 364
47 370
47 403
47 415
47 420
47 429
47 450
48 74
48 76
48 81
48 85
48 86
48 87
48 90
48 92
48 105
48 126
48 164
48 175
48 180
48 191
48 202
48 254
48 265
48 312
48 317
48 344
48 361
48 427
48 434
49 53
49 72
49 82
49 91
49 105
49 106
49 132
49 163
49 168
49 187
49 192
49 195
49 197
49 211
49 278
49 285
49 341
49 352
49 375
49 388
49 393
49 421
49 426
50 111
50 129
50 136
50 182
50 183
50 226
50 239
50 244
50 303
50 354
50 358
50 406
50 412
51 69
51 74
51 77
51 90
51 95
51 99
51 139
51 167
51 178
51 194
51 210
51 257
51 273
51 288
51 289
51 308
51 315
51 320
51 347
51 378
51 388
51 419
51 430
51 437
52 56
52 61
52 65
52 80
52 94
52 108
52 109
52 166
52 171
52 189
52 198
52 250
52 281
52 284
52 288
52 310
52 365
52 374
52 378
52 391
52 415
53 61
53 71
53 76
53 90
53 132
53 136
53 137
53 139
53 180
53 190
53 200
53 210
53 229
53 275
53 319
53 356
53 357
53 362
53 370
53 380
53 409
53 421
54 80
54 98
54 170
54 187
54 191
54 192
54 208
54 323
54 350
54 357
54 366
54 367
54 371
54 386
54 440
55 59
55 64
55 73
55 97
55 111
55 117
55 133
55 136
55 174
55 197
55 201
55 207
55 284
55 291
55 292
55 362
55 363
55 381
55 387
55 399
55 411
55 413
55 418
55 426
56 84
56 135
56 139
56 140
56 142
56 183
56 232
56 248
56 250
56 322
56 360
56 365
56 412
57 101
57 135
57 145
57 170
57 173
57 211
57 216
57 260
57 263
57 279
57 300
57 305
57 326
57 353
57 365
57 441
57 443
58 62
58 67
58 81
58 86
58 105
58 114
58 120
58 177
58 190
58 191
58 195
58 204
58 210
58 287
58 290
58 292
58 294
58 306
58 311
58 356
58 361
58 384
58 402
59 87
59 106
59 138
59 142
59 143
59 145
59 166
59 211
59 212
59 235
59 253
59 271
59 291
59 296
59 325
59 357
59 362
59 363
59 368
59 372
59 415
59 422
60 78
60 86
60 104
60 107
60 111
60 171
60 176
60 187
60 188
60 201
60 207
60 212
60 214
60 219
60 226
60 227
60 246
60 266
60 287
60 291
60 292
60 308
60 329
60 351
60 356
60 368
60 412
60 413
60 423
60 439
60 444
60 446
61 70
61 117
61 123
61 134
61 139
61 169
61 180
61 203
61 207
61 213
61 249
61 269
61 288
61 290
61 295
61 297
61 314
61 322
61 383
61 387
61 405
61 408
61 410
61 412
61 424
62 80
62 140
62 141
62 146
62 148
62 173
62 204
62 214
62 245
62 249
62 259
62 261
62 263
62 299
62 328
62 366
62 371
62 394
62 418
62 430
63 89
63 107
63 112
63 114
63 120
63 179
63 191
63 217
63 220
63 222
63 256
63 261
63 269
63 294
63 315
63 332
63 337
63 361
63 380
63 384
63 395
63 421
63 447
64 73
64 92
64 120
64 126
64 131
64 141
64 142
64 145
64 147
64 183
64 186
64 188
64 197
64 202
64 210
64 247
64 256
64 257
64 291
64 293
64 298
64 300
64 301
64 325
64 336
64 362
64 367
64 390
64 391
64 396
64 408
64 411
64 413
64 415
64 422
64 426
65 83
65 86
65 93
65 132
65 138
65 149
65 151
65 157
65 176
65 198
65 259
65 271
65 281
65 282
65 313
65 331
65 374
65 387
65 392
65 418
65 421
65 428
66 89
66 92
66 94
66 110
66 115
66 117
66 123
66 182
66 199
66 204
66 208
66 223
66 225
66 259
66 272
66 274
66 293
66 297
66 303
66 309
66 313
66 333
66 335
66 362
66 387
66 414
66 424
66 430
67 75
67 114
67 124
67 148
67 159
67 186
67 190
67 191
67 205
67 210
67 214
67 238
67 301
67 303
67 375
67 394
67 404
67 411
67 416
67 418
68 89
68 130
68 135
68 152
68 179
68 206
68 210
68 251
68 262
68 267
68 269
68 305
68 316
68 321
68 326
68 359
68 371
68 377
68 424
68 426
68 435
68 449
69 86
69 113
69 118
69 120
69 121
69 131
69 197
69 207
69 210
69 228
69 252
69 257
69 300
69 338
69 343
69 362
69 390
69 397
69 432
70 79
70 117
70 122
70 151
70 153
70 189
70 194
70 241
70 304
70 331
70 373
70 392
70 402
70 414
70 418
70 419
70 421
70 428
71 92
71 110
71 128
71 133
71 155
71 182
71 195
71 204
71 218
71 264
71 265
71 270
71 272
71 308
71 318
71 319
71 349
71 362
71 369
71 380
71 389
71 393
72 116
72 121
72 123
72 134
72 140
72 150
72 200
72 205
72 210
72 213
72 220
72 231
72 255
72 299
72 303
72 304
72 341
72 346
72 359
72 393
72 425
72 430
73 82
73 86
73 95
73 120
73 141
73 145
73 154
73 192
73 197
73 215
73 230
73 244
73 256
73 266
73 271
73 301
73 305
73 307
73 312
73 316
73 321
73 325
73 334
73 381
73 410
73 422
73 424
73 426
74 95
74 131
74 158
74 163
74 185
74 212
74 221
74 257
74 268
74 273
74 275
74 312
74 316
74 365
74 377
74 388
75 93
75 124
75 126
75 148
75 216
75 227
75 239
75 271
75 306
75 349
75 372
75 377
75 396
75 397
75 402
75 416
75 426
75 428
76 85
76 157
76 183
76 199
76 200
76 247
76 315
76 319
76 337
76 353
76 408
76 424
76 425
76 427
76 429
77 98
77 100
77 110
77 124
77 144
77 161
77 166
77 188
77 255
77 260
77 270
77 276
77 278
77 309
77 314
77 386
77 391
77 400
77 435
78 127
78 211
78 219
78 237
78 261
78 309
78 330
78 331
78 352
78 399
78 405
79 86
79 93
79 97
79 160
79 203
79 226
79 257
79 267
79 271
79 301
79 311
79 318
79 340
79 372
79 377
79 427
79 428
79 430
80 101
80 132
80 169
80 191
80 227
80 279
80 281
80 322
80 371
80 389
80 394
80 403
80 438
81 85
81 90
81 104
81 105
81 109
81 118
81 125
81 130
81 132
81 149
81 150
81 153
81 154
81 158
81 219
81 222
81 240
81 243
81 245
81 254
81 312
81 318
81 344
81 360
81 384
81 402
81 418
81 423
81 429
81 434
82 90
82 91
82 95
82 96
82 139
82 149
82 159
82 163
82 206
82 211
82 253
82 315
82 316
82 320
82 321
82 324
82 334
82 339
82 343
82 355
82 375
82 429
82 431
82 433
82 436
82 450
83 96
83 104
83 150
83 172
83 194
83 271
83 282
83 284
83 321
83 374
83 397
83 430
84 133
84 135
84 138
84 157
84 225
84 241
84 247
84 248
84 315
84 317
84 358
84 363
84 377
84 405
84 411
85 98
85 99
85 101
85 117
85 147
85 152
85 163
85 172
85 187
85 192
85 197
85 208
85 209
85 218
85 227
85 247
85 248
85 256
85 312
85 324
85 332
85 346
85 362
85 417
85 434
85 436
85 443
86 107
86 132
86 149
86 158
86 160
86 175
86 197
86 214
86 264
86 285
86 287
86 290
86 318
86 333
86 343
86 349
86 377
86 384
86 390
86 400
86 424
86 428
86 434
86 439
87 105
87 115
87 136
87 138
87 141
87 149
87 159
87 228
87 230
87 244
87 249
87 251
87 253
87 285
87 318
87 339
87 343
87 361
87 366
87 380
87 408
87 419
88 102
88 169
88 194
88 206
88 212
88 216
88 217
88 240
88 260
88 284
88 325
88 327
88 349
88 351
88 436
88 439
88 442
89 97
89 135
89 146
89 156
89 157
89 161
89 162
89 166
89 178
89 186
89 200
89 225
89 241
89 251
89 256
89 288
89 290
89 293
89 301
89 315
89 326
89 332
89 380
89 382
89 403
90 126
90 139
90 141
90 144
90 166
90 196
90 208
90 213
90 217
90 254
90 256
90 268
90 312
90 317
90 328
90 332
90 342
90 346
90 352
90 356
90 364
90 369
90 376
90 388
90 402
90 433
90 436
91 103
91 105
91 107
91 174
91 197
91 215
91 243
91 262
91 275
91 287
91 330
91 348
91 352
91 389
91 404
91 414
91 438
91 440
91 442
91 443
92 115
92 138
92 155
92 159
92 174
92 181
92 203
92 204
92 228
92 249
92 265
92 293
92 296
92 318
92 349
92 380
92 406
92 408
92 434
92 439
92 445
93 111
93 147
93 156
93 161
93 169
93 170
93 216
93 221
93 230
93 257
93 259
93 271
93 335
93 349
93 367
93 372
94 108
94 110
94 113
94 146
94 166
94 200
94 223
94 251
94 267
94 272
94 277
94 290
94 296
94 332
94 333
94 338
94 366
94 380
94 437
94 443
94 447
94 448
95 98
95 141
95 157
95 167
95 168
95 184
95 223
95 231
95 257
95 262
95 288
95 299
95 308
95 321
95 328
95 337
95 338
95 342
95 409
95 411
95 414
95 432
96 104
96 150
96 164
96 172
96 178
96 183
96 214
96 260
96 262
96 263
96 265
96 270
96 324
96 335
96 352
96 364
96 369
96 370
96 375
96 442
96 448
96 449
97 105
97 111
97 113
97 116
97 155
97 203
97 226
97 264
97 275
97 293
97 340
98 144
98 180
98 187
98 192
98 216
98 221
98 234
98 255
98 270
98 302
98 321
98 324
98 345
98 360
98 386
98 414
98 417
99 153
99 161
99 167
99 175
99 227
99 246
99 263
99 268
99 282
99 355
99 378
99 382
99 445
100 103
100 111
100 114
100 116
100 119
100 122
100 163
100 177
100 206
100 218
100 223
100 229
100 278
100 283
100 296
100 338
100 339
100 344
100 386
101 147
101 155
101 169
101 173
101 183
101 224
101 237
101 264
101 279
101 284
101 305
101 327
101 334
101 353
101 363
101 415
101 417
101 420
101 438
102 115
102 156
102 178
102 220
102 229
102 259
102 266
102 268
102 271
102 274
102 279
102 280
102 285
102 335
102 354
102 358
102 359
102 369
102 381
102 386
102 410
102 448
102 450
103 111
103 116
103 119
103 122
103 126
103 166
103 185
103 190
103 209
103 221
103 226
103 232
103 237
103 271
103 276
103 299
103 347
103 355
103 370
103 389
103 396
103 440
103 441
103 450
104 150
104 162
104 167
104 191
104 193
104 198
104 227
104 231
104 240
104 292
104 308
104 312
104 313
104 330
104 346
104 351
104 356
104 397
104 420
104 423
104 446
105 112
105 113
105 117
105 159
105 164
105 181
105 197
105 207
105 218
105 228
105 271
105 274
105 312
105 337
105 361
105 384
105 389
105 402
105 421
106 108
106 122
106 125
106 154
106 183
106 184
106 188
106 200
106 204
106 212
106 235
106 240
106 264
106 278
106 283
106 288
106 302
106 309
106 310
106 315
106 350
106 358
106 375
106 384
106 389
106 392
106 394
106 444
107 153
107 160
107 184
107 201
107 229
107 243
107 269
107 280
107 284
107 311
107 316
107 333
107 340
107 423
108 160
108 166
108 167
108 180
108 184
108 190
108 200
108 226
108 277
108 281
108 331
108 364
108 365
108 387
108 392
109 125
109 128
109 172
109 201
109 206
109 215
109 222
109 227
109 243
109 251
109 305
109 353
109 395
109 447
110 112
110 113
110 126
110 156
110 166
110 173
110 181
110 182
110 204
110 223
110 246
110 271
110 272
110 314
110 319
110 333
110 336
110 361
110 366
110 382
110 393
110 403
110 407
110 426
110 429
110 437
110 447
111 114
111 118
111 122
111 165
111 170
111 183
111 187
111 188
111 244
111 277
111 283
111 284
111 293
111 302
111 334
111 367
111 389
111 395
111 440
111 444
112 128
112 131
112 136
112 140
112 170
112 175
112 184
112 209
112 218
112 241
112 243
112 246
112 274
112 340
112 356
112 361
112 379
112 423
113 115
113 116
113 121
113 150
113 159
113 200
113 207
113 210
113 212
113 249
113 274
113 280
113 286
113 290
113 322
113 339
113 346
113 370
113 380
113 385
113 391
113 429
113 432
113 437
114 117
114 122
114 125
114 167
114 172
114 173
114 190
114 191
114 222
114 280
114 283
114 288
114 301
114 305
114 306
114 342
114 370
114 393
114 395
114 402
114 427
115 134
115 156
115 157
115 178
115 221
115 228
115 249
115 287
115 311
115 336
115 343
115 359
115 364
115 366
115 377
115 401
115 403
115 406
115 426
115 448
116 162
116 187
116 199
116 203
116 210
116 229
116 325
116 342
116 394
116 440
117 120
117 128
117 199
117 209
117 218
117 283
117 286
117 291
117 308
117 345
117 370
117 389
117 401
117 404
118 120
118 125
118 131
118 134
118 137
118 142
118 159
118 165
118 215
118 236
118 252
118 286
118 290
118 300
118 339
118 360
118 362
118 367
118 395
118 406
118 429
119 122
119 177
119 190
119 201
119 207
119 218
119 221
119 232
119 251
119 271
119 280
119 291
119 296
119 328
119 370
119 391
119 396
119 401
119 443
120 122
120 123
120 131
120 141
120 179
120 183
120 191
120 213
120 221
120 222
120 287
120 289
120 292
120 294
120 297
120 311
120 382
120 401
120 404
120 422
121 140
121 145
121 162
121 174
121 203
121 208
121 210
121 235
121 252
121 255
121 284
121 308
121 342
121 363
121 365
121 370
121 393
121 399
121 432
122 175
122 190
122 193
122 199
122 200
122 204
122 221
122 225
122 283
122 285
122 314
122 331
122 334
122 350
122 373
122 394
122 395
122 441
122 446
123 126
123 130
123 134
123 176
123 180
123 181
123 182
123 210
123 236
123 291
123 295
123 297
123 314
123 385
123 404
123 405
123 407
123 412
124 126
124 148
124 165
124 206
124 221
124 255
124 258
124 297
124 345
124 368
124 372
124 373
124 386
124 396
124 416
124 435
125 137
125 172
125 173
125 183
125 196
125 202
125 216
125 222
125 224
125 236
125 241
125 243
125 317
125 334
125 336
125 339
125 351
125 367
125 376
125 408
126 148
126 185
126 190
126 223
126 227
126 233
126 254
126 289
126 299
126 300
126 317
126 319
126 370
126 393
126 404
126 407
126 409
126 415
127 151
127 168
127 219
127 261
127 266
127 299
127 319
127 330
127 348
127 405
127 438
128 131
128 140
128 181
128 199
128 201
128 227
128 230
128 241
128 289
128 300
128 305
128 320
128 337
128 342
128 379
128 395
128 410
129 140
129 166
129 177
129 188
129 193
129 221
129 230
129 251
129 303
129 320
129 347
129 406
129 410
129 412
129 413
129 418
130 133
130 154
130 157
130 171
130 202
130 233
130 246
130 261
130 262
130 264
130 269
130 293
130 301
130 316
130 348
130 351
130 379
130 407
130 408
130 441
131 140
131 154
131 202
131 213
131 230
131 289
131 292
131 340
131 345
131 382
131 400
131 408
132 135
132 143
132 149
132 184
132 185
132 191
132 196
132 233
132 306
132 311
132 314
132 323
132 410
132 413
132 416
132 421
133 157
133 174
133 191
133 240
133 241
133 264
133 272
133 301
133 315
133 320
133 325
133 354
133 356
133 382
133 400
133 405
133 444
134 151
134 182
134 221
134 233
134 236
134 295
134 348
134 352
134 385
134 407
134 417
134 421
135 142
135 146
135 147
135 152
135 183
135 199
135 236
135 237
135 248
135 257
135 314
135 317
135 326
135 338
135 348
135 402
135 408
135 416
135 424
135 438
135 441
136 159
136 160
136 177
136 228
136 238
136 267
136 275
136 285
136 292
136 300
136 328
136 338
136 357
136 385
136 399
136 404
136 414
136 418
136 423
136 447
137 143
137 180
137 233
137 236
137 239
137 241
137 295
137 298
137 314
137 323
137 339
137 350
137 351
137 360
137 388
137 405
137 413
137 424
137 435
138 149
138 174
138 202
138 239
138 246
138 264
138 312
138 317
138 329
138 330
138 419
139 163
139 168
139 180
139 237
139 295
139 316
139 356
139 357
139 360
139 385
139 388
139 393
139 421
139 450
140 142
140 146
140 148
140 152
140 166
140 183
140 188
140 193
140 211
140 236
140 239
140 244
140 252
140 262
140 301
140 327
140 347
140 354
140 363
140 391
140 393
140 416
141 144
141 148
141 184
141 205
141 210
141 214
141 242
141 248
141 249
141 267
141 283
141 294
141 299
141 320
141 323
141 332
141 333
141 338
141 343
141 354
141 357
141 360
141 365
141 422
141 423
141 430
141 447
142 159
142 166
142 171
142 183
142 208
142 225
142 273
142 274
142 281
142 286
142 298
142 300
142 305
142 310
142 325
142 339
142 363
142 388
142 396
142 414
142 424
142 430
142 434
143 145
143 165
143 191
143 239
143 242
143 247
143 296
143 325
143 356
143 357
143 362
143 419
143 421
143 430
144 155
144 180
144 197
144 208
144 213
144 216
144 221
144 242
144 245
144 256
144 261
144 270
144 286
144 302
144 323
144 360
144 417
144 421
144 422
144 431
144 433
144 438
145 162
145 167
145 173
145 174
145 198
145 211
145 242
145 284
145 296
145 301
145 308
145 342
145 362
145 363
145 368
145 391
145 399
145 442
146 148
146 152
146 168
146 220
146 223
146 242
146 243
146 244
146 249
146 250
146 332
146 333
146 338
146 360
146 364
146 379
146 418
146 419
146 422
146 433
147 149
147 155
147 183
147 209
147 210
147 211
147 245
147 264
147 273
147 324
147 326
147 335
147 344
147 355
147 363
147 370
147 429
147 436
147 441
148 170
148 175
148 177
148 190
148 191
148 214
148 287
148 306
148 311
148 325
148 350
148 371
148 394
148 402
148 416
149 151
149 155
149 156
149 245
149 246
149 253
149 307
149 335
149 363
149 368
149 372
149 417
149 425
150 157
150 162
150 186
150 188
150 198
150 214
150 219
150 231
150 252
150 276
150 329
150 342
150 366
150 402
150 418
150 432
150 444
151 158
151 164
151 180
151 209
151 217
151 253
151 290
151 295
151 304
151 307
151 338
151 339
151 348
151 397
151 405
151 425
151 428
151 443
152 158
152 190
152 248
152 255
152 256
152 310
152 338
152 339
152 349
152 366
152 371
152 425
152 428
152 434
153 189
153 217
153 222
153 250
153 260
153 261
153 279
153 286
153 332
153 345
153 350
153 360
153 369
153 371
153 435
153 440
153 447
154 183
154 188
154 202
154 220
154 246
154 267
154 271
154 298
154 310
154 356
154 361
154 400
154 408
154 427
155 161
155 198
155 251
155 257
155 258
155 259
155 264
155 267
155 363
155 374
155 431
156 173
156 178
156 192
156 225
156 249
156 258
156 259
156 268
156 273
156 282
156 295
156 304
156 314
156 335
156 340
156 354
156 358
156 359
156 360
156 372
156 410
156 438
156 448
156 450
157 174
157 185
157 186
157 189
157 191
157 200
157 223
157 259
157 264
157 279
157 280
157 290
157 301
157 304
157 313
157 359
157 400
157 403
157 405
157 411
157 430
157 440
158 164
158 170
158 175
158 206
158 251
158 254
158 256
158 262
158 267
158 280
158 321
158 325
158 344
158 350
158 365
158 377
158 434
158 450
159 171
159 176
159 186
159 195
159 207
159 228
159 232
159 276
159 281
159 285
159 286
159 312
159 338
159 343
159 351
159 375
159 421
159 437
160 177
160 182
160 188
160 192
160 194
160 217
160 226
160 232
160 251
160 253
160 258
160 261
160 277
160 304
160 308
160 316
160 368
160 373
160 377
160 391
160 406
160 414
160 419
160 423
160 428
161 167
161 192
161 204
161 257
161 259
161 265
161 270
161 319
161 335
161 347
161 363
161 378
161 380
161 429
161 437
162 174
162 179
162 190
162 198
162 210
162 223
162 231
162 235
162 236
162 240
162 288
162 300
162 313
162 341
162 346
162 365
162 375
162 380
162 399
162 403
163 197
163 211
163 229
163 254
163 261
163 307
163 316
163 319
163 366
163 375
163 376
163 409
163 422
163 434
163 450
164 170
164 181
164 195
164 196
164 212
164 260
164 262
164 268
164 273
164 276
164 285
164 312
164 321
164 350
164 366
164 375
164 383
164 388
164 391
164 437
164 440
165 226
165 234
165 239
165 248
165 258
165 291
165 316
165 367
165 372
165 373
165 377
165 381
166 193
166 198
166 200
166 254
166 263
166 269
166 273
166 293
166 299
166 305
166 310
166 314
166 315
166 322
166 325
166 339
166 347
166 363
166 373
166 425
166 434
166 437
166 449
167 194
167 198
167 204
167 276
167 284
167 288
167 289
167 319
167 353
167 369
167 378
167 380
167 386
167 391
167 443
168 206
168 229
168 237
168 242
168 261
168 295
168 319
168 352
168 375
168 409
168 426
169 170
169 203
169 207
169 216
169 227
169 260
169 327
169 350
169 428
170 187
170 201
170 218
170 258
170 262
170 263
170 279
170 282
170 287
170 291
170 321
170 381
170 383
170 394
171 198
171 203
171 214
171 232
171 240
171 245
171 259
171 284
171 319
171 355
171 368
171 388
171 393
171 412
171 415
171 434
172 173
172 206
172 209
172 214
172 263
172 270
172 284
172 289
172 309
172 316
172 320
172 321
172 335
172 353
172 355
172 369
172 431
172 443
173 195
173 204
173 206
173 210
173 211
173 225
173 282
173 294
173 326
173 365
173 384
173 397
174 206
174 207
174 212
174 235
174 243
174 248
174 262
174 325
174 358
174 363
174 432
174 442
175 193
175 198
175 209
175 214
175 266
175 273
175 292
175 318
175 323
175 324
175 328
175 356
175 357
175 392
175 434
175 439
175 446
176 198
176 207
176 210
176 285
176 297
176 298
176 329
176 383
176 387
176 400
176 404
176 418
176 439
177 190
177 204
177 210
177 215
177 238
177 251
177 294
177 325
177 328
177 361
177 385
177 389
177 410
177 418
178 212
178 241
178 251
178 276
178 290
178 295
178 327
178 359
178 380
178 436
178 437
178 442
178 449
179 206
179 210
179 221
179 277
179 288
179 300
179 346
179 377
179 390
179 403
179 426
179 447
180 222
180 241
180 242
180 254
180 297
180 312
180 323
180 331
180 364
180 369
180 388
180 421
180 438
181 182
181 220
181 228
181 230
181 272
181 330
181 362
181 440
181 445
182 186
182 215
182 239
182 296
182 303
182 319
182 325
182 339
182 393
182 406
182 435
182 440
182 445
183 210
183 215
183 216
183 225
183 244
183 257
183 262
183 266
183 305
183 315
183 334
183 372
183 400
183 410
183 424
183 426
183 446
184 185
184 211
184 212
184 216
184 218
184 223
184 226
184 231
184 267
184 272
184 275
184 277
184 306
184 311
184 321
184 332
184 333
184 338
184 365
184 392
184 406
184 432
184 448
185 188
185 189
185 216
185 222
185 223
185 226
185 243
185 272
185 299
185 302
185 306
185 338
185 393
185 409
185 414
186 188
186 200
186 219
186 233
186 247
186 260
186 265
186 279
186 313
186 325
186 337
186 375
186 403
186 413
187 188
187 195
187 213
187 219
187 226
187 278
187 314
187 324
187 325
187 336
187 341
187 368
187 393
187 394
187 409
187 414
187 445
188 192
188 216
188 219
188 226
188 244
188 260
188 276
188 302
188 309
188 310
188 315
188 326
188 334
188 336
188 412
188 417
188 424
188 436
188 446
189 206
189 227
189 250
189 263
189 268
189 277
189 336
189 365
189 378
189 392
189 416
189 430
189 431
189 442
190 191
190 216
190 221
190 223
190 229
190 242
190 251
190 271
190 273
190 281
190 328
190 332
190 333
190 338
190 339
190 344
190 346
190 371
190 387
190 396
190 402
190 412
191 195
191 198
191 214
191 222
191 245
191 247
191 259
191 294
191 305
191 312
191 313
191 337
191 389
191 402
191 420
191 427
192 220
192 234
192 239
192 250
192 255
192 266
192 271
192 278
192 324
192 368
192 381
192 386
192 395
192 414
192 433
192 435
192 440
193 219
193 221
193 232
193 347
193 399
193 420
193 425
193 446
194 198
194 206
194 217
194 261
194 308
194 313
194 321
194 340
194 391
194 411
194 423
194 430
194 442
195 216
195 218
195 232
195 237
195 274
195 281
195 283
195 287
195 332
195 333
195 338
195 341
195 371
195 384
195 388
195 389
195 393
195 412
196 222
196 229
196 233
196 235
196 273
196 274
196 312
196 328
196 339
196 350
196 402
196 428
196 439
197 201
197 249
197 253
197 285
197 316
197 334
197 335
197 343
197 384
197 390
197 419
197 424
197 426
197 430
197 433
197 434
198 221
198 226
198 231
198 235
198 277
198 281
198 284
198 310
198 325
198 365
198 374
198 387
198 391
198 392
198 415
198 420
198 446
199 225
199 227
199 238
199 241
199 243
199 247
199 315
199 342
199 353
199 392
199 402
199 405
199 416
199 441
200 204
200 223
200 247
200 252
200 256
200 272
200 283
200 288
200 296
200 314
200 319
200 331
200 333
200 343
200 346
200 371
200 392
200 403
200 422
200 429
200 432
200 436
200 447
201 219
201 229
201 249
201 253
201 280
201 287
201 333
201 343
201 390
201 395
201 419
201 430
202 220
202 228
202 241
202 246
202 318
202 329
202 330
202 334
202 344
202 356
202 361
202 379
202 390
202 400
202 408
202 434
203 207
203 212
203 221
203 226
203 240
203 245
203 259
203 322
203 340
203 349
203 351
203 401
203 432
203 439
204 241
204 283
204 288
204 290
204 292
204 331
204 347
204 356
204 361
204 380
204 392
204 393
205 228
205 231
205 249
205 267
205 321
205 338
205 352
205 359
205 364
205 377
205 393
205 403
205 411
206 210
206 215
206 224
206 229
206 233
206 258
206 262
206 268
206 325
206 352
206 353
206 399
206 435
206 440
206 442
206 443
207 269
207 286
207 291
207 293
207 339
207 349
207 380
207 383
207 401
207 429
208 252
208 286
208 324
208 355
208 362
208 367
208 370
208 414
208 430
209 213
209 218
209 261
209 265
209 282
209 292
209 328
209 355
209 356
209 397
209 407
209 438
209 441
209 443
209 445
210 238
210 262
210 283
210 289
210 294
210 296
210 297
210 357
210 386
210 397
210 398
210 404
210 411
210 432
211 229
211 237
211 255
211 258
211 268
211 279
211 304
211 327
211 333
211 350
211 352
211 354
211 358
211 365
211 368
211 370
211 375
211 417
211 438
211 442
211 450
212 216
212 221
212 235
212 254
212 264
212 268
212 270
212 310
212 331
212 336
212 340
212 349
212 354
212 358
212 383
212 439
212 441
212 444
212 446
212 448
213 234
213 291
213 292
213 297
213 299
213 324
213 341
213 346
213 355
213 407
213 414
213 445
214 227
214 240
214 258
214 262
214 263
214 265
214 351
214 355
214 357
214 361
214 368
214 373
214 412
214 420
214 427
214 432
214 445
215 224
215 233
215 243
215 247
215 251
215 262
215 271
215 272
215 296
215 334
215 339
215 361
215 386
215 413
215 447
216 237
216 239
216 260
216 268
216 283
216 289
216 300
216 302
216 327
216 334
216 338
216 349
216 360
216 369
216 384
216 392
216 410
216 415
217 220
217 243
217 261
217 264
217 266
217 268
217 274
217 284
217 300
217 333
217 358
217 360
217 369
217 376
217 423
218 227
218 274
218 299
218 326
218 337
218 365
218 389
219 226
219 240
219 246
219 252
219 281
219 286
219 297
219 303
219 330
219 366
219 376
219 402
219 412
219 413
219 418
219 420
220 243
220 264
220 267
220 269
220 271
220 298
220 303
220 332
220 358
220 361
220 379
220 408
221 230
221 268
221 273
221 275
221 289
221 302
221 340
221 345
221 392
221 404
221 439
222 235
222 243
222 279
222 294
222 306
222 311
222 339
222 421
222 423
222 440
223 226
223 236
223 272
223 274
223 275
223 280
223 285
223 295
223 296
223 301
223 346
223 356
223 364
223 370
223 382
223 387
223 411
223 416
223 450
224 233
224 305
224 348
224 357
224 395
225 246
225 281
225 282
225 293
225 298
225 303
225 309
225 314
225 357
225 387
225 413
225 424
225 426
226 244
226 275
226 277
226 298
226 299
226 340
226 367
226 378
226 385
226 388
226 390
227 236
227 240
227 241
227 294
227 308
227 351
227 384
227 395
227 398
227 430
228 249
228 251
228 285
228 312
228 317
228 339
228 380
228 406
228 421
228 427
228 445
229 278
229 280
229 370
229 381
229 386
229 388
229 393
229 412
229 417
230 244
230 256
230 308
230 311
230 354
230 408
230 413
230 422
231 252
231 294
231 304
231 315
231 320
231 342
231 359
231 388
231 393
231 398
231 409
231 419
231 430
231 432
232 281
232 283
232 304
232 370
232 373
232 389
232 391
232 396
232 425
233 241
233 247
233 295
233 300
233 306
233 310
233 314
233 351
233 357
233 404
234 247
234 255
234 256
234 323
234 345
234 416
234 422
234 433
234 435
235 243
235 284
235 286
235 308
235 311
235 342
235 357
235 376
235 392
235 394
235 399
235 413
235 423
236 252
236 303
236 317
236 339
236 354
236 360
236 364
236 365
236 384
236 385
236 398
236 407
236 408
236 424
236 450
237 258
237 283
237 284
237 295
237 304
237 305
237 326
237 348
237 365
237 373
237 384
237 415
237 438
237 441
237 450
238 287
238 289
238 292
238 300
238 301
238 306
238 310
238 314
238 379
238 402
238 404
238 410
238 416
239 252
239 253
239 320
239 363
239 368
239 406
239 435
240 248
240 258
240 261
240 262
240 286
240 302
240 303
240 307
240 308
240 312
240 313
240 318
240 329
240 346
240 351
240 376
240 413
240 439
240 444
241 290
241 294
241 295
241 317
241 334
241 359
241 393
241 405
241 407
241 408
241 419
241 424
242 256
242 258
242 261
242 323
242 344
242 348
242 360
242 366
242 370
242 371
242 420
242 425
242 438
243 246
243 251
243 261
243 264
243 270
243 289
243 306
243 325
243 332
243 379
243 405
243 442
243 447
244 256
244 295
244 298
244 320
244 367
244 408
244 410
244 411
244 413
244 422
244 427
244 446
245 246
245 259
245 261
245 264
245 286
245 292
245 297
245 313
245 318
245 351
245 363
245 374
245 418
245 432
245 441
246 259
246 265
246 292
246 323
246 324
246 329
246 330
246 335
246 364
246 379
246 382
246 403
246 408
246 413
246 418
246 445
246 450
247 315
247 323
247 325
247 334
247 411
247 413
247 416
248 256
248 262
248 264
248 267
248 315
248 316
248 354
248 361
248 377
248 444
249 295
249 307
249 331
249 338
249 343
249 366
249 372
249 377
249 385
249 406
250 258
250 266
250 277
250 304
250 326
250 336
250 373
250 378
250 414
250 416
250 419
250 433
251 254
251 259
251 265
251 267
251 270
251 319
251 328
251 333
251 357
251 374
251 380
251 389
251 413
251 418
251 429
251 447
251 449
251 450
252 298
252 300
252 320
252 346
252 354
252 370
252 388
252 414
252 419
252 430
253 266
253 307
253 325
253 329
253 371
253 376
253 415
253 417
253 419
253 422
253 425
253 430
254 267
254 270
254 271
254 273
254 286
254 312
254 317
254 352
254 360
254 366
254 372
254 377
254 383
254 388
254 422
254 431
254 446
254 450
255 258
255 272
255 296
255 301
255 308
255 313
255 327
255 332
255 337
255 349
255 358
255 391
256 310
256 315
256 324
256 325
256 332
256 338
256 343
256 374
256 422
256 425
256 433
256 434
257 259
257 265
257 273
257 329
257 335
257 363
257 370
257 391
257 419
257 424
257 430
257 434
258 304
258 326
258 340
258 352
258 365
258 394
258 431
258 435
259 261
259 313
259 318
259 331
259 335
259 428
259 432
260 263
260 276
260 279
260 326
260 327
260 366
260 373
260 378
260 391
260 394
260 422
261 274
261 307
261 332
261 333
261 355
261 374
261 397
261 409
261 423
261 429
261 443
262 265
262 269
262 316
262 321
262 325
262 338
262 354
262 363
262 431
262 435
262 444
262 449
263 270
263 279
263 282
263 287
263 304
263 316
263 321
263 326
263 335
263 350
263 355
263 369
263 376
263 392
263 397
263 425
264 267
264 301
264 310
264 317
264 346
264 358
264 361
264 363
264 376
264 400
264 425
264 432
264 442
265 267
265 323
265 324
265 328
265 363
265 366
265 423
265 432
265 434
265 447
266 273
266 274
266 282
266 285
266 290
266 299
266 307
266 372
266 397
266 400
266 414
266 424
266 433
266 438
266 443
266 444
267 270
267 338
267 354
267 359
267 361
267 364
267 374
267 428
267 449
267 450
268 271
268 279
268 327
268 344
268 350
268 360
268 365
268 369
268 376
268 416
268 431
268 442
268 450
269 286
269 288
269 293
269 310
269 316
269 387
269 400
269 403
269 437
269 441
270 271
270 273
270 321
270 341
270 352
270 362
270 364
270 369
270 372
270 383
270 417
270 431
270 442
270 443
270 446
270 447
270 448
271 273
271 282
271 298
271 318
271 324
271 330
271 334
271 349
271 358
271 363
271 369
271 372
271 374
271 439
271 440
271 445
271 450
272 296
272 313
272 320
272 354
272 369
272 403
273 275
273 326
273 331
273 344
273 360
273 367
273 370
273 372
273 396
273 434
273 445
274 285
274 286
274 332
274 333
274 338
274 356
274 375
274 382
274 387
274 447
274 448
275 278
275 299
275 316
275 363
275 367
275 372
275 377
275 406
275 409
275 414
275 438
275 448
276 279
276 288
276 295
276 329
276 347
276 359
276 375
276 437
277 288
277 336
277 341
277 374
277 378
277 385
277 390
278 302
278 319
278 336
278 370
278 401
278 406
278 409
278 412
278 417
279 286
279 326
279 327
279 332
279 337
279 350
279 378
279 382
279 392
279 440
279 446
280 291
280 338
280 339
280 344
280 381
280 391
280 437
281 298
281 305
281 322
281 339
281 374
281 412
281 415
281 420
281 424
281 449
282 355
282 374
282 381
282 443
283 294
283 331
283 342
283 347
283 370
283 375
283 384
283 385
283 390
283 391
283 441
284 308
284 325
284 342
284 387
284 391
284 392
284 415
284 423
285 298
285 333
285 356
285 373
285 382
285 384
285 389
285 393
285 446
285 447
286 288
286 293
286 297
286 303
286 350
286 360
286 380
286 387
286 388
286 393
286 412
286 429
287 294
287 309
287 311
287 316
287 328
287 340
287 384
287 418
287 426
287 443
288 300
288 331
288 341
288 346
288 359
288 375
288 380
288 384
288 387
288 390
288 392
289 300
289 325
289 332
289 353
289 382
289 390
289 402
289 407
289 415
290 301
290 314
290 319
290 338
290 343
290 356
290 382
290 403
290 421
290 429
290 446
290 448
291 297
291 303
291 314
291 344
291 362
291 387
291 388
291 390
291 395
291 405
291 409
291 419
292 300
292 328
292 356
292 361
292 390
292 393
292 394
292 399
292 404
292 418
292 440
293 305
293 310
293 322
293 432
293 437
293 441
293 449
294 297
294 300
294 306
294 342
294 390
294 393
294 397
294 398
294 401
294 407
295 331
295 348
295 359
295 364
295 372
295 421
295 437
296 313
296 318
296 325
296 339
296 362
296 393
296 403
296 435
296 440
297 303
297 314
297 393
297 395
297 401
297 404
297 405
298 300
298 336
298 346
298 361
298 367
298 390
298 396
298 424
299 326
299 328
299 346
299 347
299 365
299 366
299 401
299 438
300 306
300 336
300 346
300 367
300 396
300 397
300 404
301 308
301 318
301 337
301 365
301 370
301 399
301 403
301 427
302 309
302 315
302 331
302 334
302 350
302 360
302 368
302 395
302 441
302 444
302 446
303 305
303 309
303 341
303 395
303 399
303 407
303 410
303 411
303 412
304 340
304 373
304 391
304 407
304 411
304 430
305 334
305 339
305 353
305 371
305 407
305 437
305 449
306 312
306 314
306 318
306 335
306 402
306 410
306 418
307 324
307 343
307 355
307 376
307 409
307 424
307 425
307 433
307 444
308 325
308 337
308 342
308 351
308 374
308 411
308 415
308 430
309 315
309 331
309 357
309 405
309 413
309 418
309 431
310 322
310 327
310 346
310 348
310 358
310 379
310 436
310 437
311 312
311 333
311 340
311 343
311 359
311 377
311 402
311 414
311 418
311 428
312 318
312 343
312 410
312 421
312 434
313 335
313 346
313 351
313 382
313 411
313 430
313 439
314 348
314 402
314 405
314 412
315 321
315 332
315 346
315 353
315 377
315 411
315 424
315 427
315 436
316 348
316 364
316 377
316 385
316 450
317 318
317 334
317 339
317 349
317 351
317 405
317 408
317 424
318 349
318 411
318 427
318 439
318 445
319 341
319 357
319 380
319 393
319 407
319 412
319 417
319 422
320 321
320 354
320 411
321 338
321 339
321 343
321 352
321 369
321 414
321 430
321 442
322 339
322 383
322 391
323 324
323 357
323 360
323 366
323 414
323 416
323 421
323 440
324 355
324 357
324 361
324 362
324 367
324 376
324 433
324 436
324 445
325 342
325 347
325 363
325 386
325 387
325 394
325 399
325 413
325 422
325 437
325 447
326 344
326 365
326 370
326 417
326 424
326 438
327 350
327 354
327 358
327 360
327 369
327 425
327 436
327 448
327 449
328 360
328 366
328 389
328 402
329 330
329 363
329 367
329 371
329 372
329 422
330 352
330 361
330 444
330 447
331 368
331 373
331 392
331 405
331 414
332 333
332 365
332 371
332 379
332 384
332 423
333 365
333 366
333 371
333 442
333 447
334 351
334 395
334 408
334 413
335 336
335 361
335 363
335 369
335 372
335 374
335 377
335 402
335 418
335 426
335 428
336 339
336 340
336 364
336 367
336 369
336 374
336 378
336 450
337 384
337 389
337 398
337 411
337 430
338 339
338 351
338 364
338 377
338 390
338 429
338 446
339 343
339 367
339 370
339 371
339 372
339 381
339 395
339 412
339 422
340 407
340 414
340 419
341 342
341 367
341 380
341 393
341 414
341 432
342 346
342 365
342 370
342 380
342 398
343 366
343 371
343 375
343 390
343 422
343 429
344 370
344 383
344 396
345 397
345 401
346 388
346 425
346 432
347 373
347 380
347 386
347 389
347 391
347 394
347 425
347 429
348 352
348 390
348 404
348 441
349 372
349 377
349 426
349 428
350 373
350 378
350 389
350 392
350 394
350 446
351 355
351 374
351 379
351 403
351 407
351 408
351 429
351 439
352 370
352 404
352 431
352 436
352 438
353 379
353 392
353 397
353 441
354 356
354 358
354 363
354 382
354 410
355 367
355 376
355 383
355 407
355 412
355 417
355 433
355 434
355 439
355 441
355 443
356 379
356 382
356 400
356 444
357 361
357 366
357 380
357 399
357 413
357 419
357 440
357 445
358 376
358 400
358 405
358 410
358 420
358 431
358 441
358 442
358 444
359 377
359 385
359 403
359 416
359 437
360 369
360 388
360 402
360 416
360 438
361 408
361 445
361 447
362 380
362 388
362 406
362 409
362 411
362 413
362 414
362 419
362 430
363 367
363 372
363 381
363 419
363 440
363 441
363 444
364 385
364 426
364 442
364 448
364 450
365 388
365 391
365 393
365 409
365 416
366 375
366 413
366 422
366 423
366 440
366 447
366 450
367 380
367 388
367 390
368 391
368 412
368 417
368 419
368 435
368 445
369 376
369 378
369 392
369 450
370 391
370 396
370 412
370 416
370 417
370 438
370 442
370 448
371 384
371 394
371 420
371 422
371 423
371 429
372 381
372 385
372 440
373 391
373 394
373 425
373 435
373 446
374 392
374 423
374 425
375 384
375 392
375 426
375 437
376 397
376 409
376 433
376 443
376 444
377 426
377 428
378 385
378 392
378 446
379 400
380 403
380 429
380 432
380 447
381 395
381 438
381 443
382 403
382 439
382 445
382 449
383 391
383 432
383 434
383 437
383 440
383 446
383 450
384 392
384 398
384 402
384 441
384 446
385 406
385 407
386 394
386 404
386 435
386 437
386 440
387 424
388 401
388 409
388 434
389 396
389 438
389 440
390 404
390 408
391 400
391 408
391 412
391 437
392 441
392 446
393 401
393 407
393 409
393 412
393 435
394 440
396 410
396 412
396 415
397 443
398 411
398 430
399 413
399 415
399 418
400 408
400 442
400 446
401 404
401 409
401 414
402 410
402 416
402 418
402 421
403 449
404 407
404 417
404 441
405 408
405 418
405 421
405 424
406 409
406 448
407 415
408 410
408 424
408 427
409 411
410 412
410 413
410 418
410 421
410 427
410 446
411 413
411 427
411 430
411 439
412 420
412 434
413 421
413 424
413 431
414 430
414 433
414 438
415 418
416 419
416 427
417 419
417 424
417 436
417 441
418 421
419 422
419 430
420 427
420 444
422 425
422 429
422 433
422 450
423 446
423 447
424 426
424 436
425 436
426 428
426 448
426 450
427 434
427 439
428 439
429 446
429 447
431 442
432 439
433 436
434 445
434 446
435 447
436 448
436 449
437 448
437 449
438 450
439 441
439 445
442 444
442 448
446 448
448 450
